1 0.224848 0.463183 0.324695 0.0665083
11 0.545732 0.877672 0.054878 0.0356295
13 0.658537 0.881235 0.0426829 0.0427553
10 0.459604 0.881235 0.0289634 0.0332542
3 0.20122 0.724466 0.0579268 0.0570071
9 0.415396 0.881235 0.0289634 0.0332542
5 0.369665 0.726841 0.0259146 0.0475059
2 0.106707 0.72209 0.0853659 0.0522565
8 0.356707 0.877672 0.0518293 0.0308789
4 0.284299 0.729216 0.0625 0.0617577
6 0.603659 0.728028 0.128049 0.0498812
15 0.813262 0.809976 0.257622 0.0950119
7 0.179116 0.87886 0.227134 0.0570071
12 0.602896 0.87886 0.0381098 0.0332542
0 0.135671 0.380048 0.155488 0.0712589
14 0.80564 0.498812 0.257622 0.503563
